F S1-S2: s+i- 0 -1 1 0 0 0 0 0 0 1 -1 0 0 0 0 0
F S1-S2: s-i+ 0 1 -1 0 0 0 0 0 0 -1 1 0 0 0 0 0 
F S1-S2: s+a- -1 0 1 0 0 0 0 0 1 0 -1 0 0 0 0 0
F S1-S2: s-a+ 1 0 -1 0 0 0 0 0 -1 0 1 0 0 0 0 0
F S1-S2: s+w- 0 0 1 -1 0 0 0 0 0 0 -1 1 0 0 0 0
F S1-S2: s-w+ 0 0 -1 1 0 0 0 0 0 0 1 -1 0 0 0 0
F S1-S2: a+w- 1 0 0 -1 0 0 0 0 -1 0 0 1 0 0 0 0
F S1-S2: a-w+ -1 0 0 1 0 0 0 0 1 0 0 -1 0 0 0 0
F S1-S2: a+i- 1 -1 0 0 0 0 0 0 -1 1 0 0 0 0 0 0
F S1-S2: a-i+ -1 1 0 0 0 0 0 0 1 -1 0 0 0 0 0 0
F S1-S2: i+w- 0 1 0 -1 0 0 0 0 0 -1 0 1 0 0 0 0
F S1-S2: i-w+ 0 -1 0 1 0 0 0 0 0 1 0 -1 0 0 0 0

U S1-S2: s+i- 0 0 0 0 0 -1 1 0 0 0 0 0 0 1 -1 0
U S1-S2: s-i+ 0 0 0 0 0 1 -1 0 0 0 0 0 0 -1 1 0 
U S1-S2: s+a- 0 0 0 0 -1 0 1 0 0 0 0 0 1 0 -1 0 
U S1-S2: s-a+ 0 0 0 0 1 0 -1 0 0 0 0 0 -1 0 1 0 
U S1-S2: s+w- 0 0 0 0 0 0 1 -1 0 0 0 0 0 0 -1 1 
U S1-S2: s-w+ 0 0 0 0 0 0 -1 1 0 0 0 0 0 0 1 -1 
U S1-S2: a+w- 0 0 0 0 1 0 0 -1 0 0 0 0 -1 0 0 1 
U S1-S2: a-w+ 0 0 0 0 -1 0 0 1 0 0 0 0 1 0 0 -1 
U S1-S2: a+i- 0 0 0 0 1 -1 0 0 0 0 0 0 -1 1 0 0 
U S1-S2: a-i+ 0 0 0 0 -1 1 0 0 0 0 0 0 1 -1 0 0 
U S1-S2: i+w- 0 0 0 0 0 1 0 -1 0 0 0 0 0 -1 0 1
U S1-S2: i-w+ 0 0 0 0 0 -1 0 1 0 0 0 0 0 1 0 -1
